veh1 3 4 340
veh10 3 0 340
veh101 3 3 340
veh104 3 3 340
veh105 3 2 340
veh107 3 4 340
veh111 3 4 340
veh113 3 3 340
veh115 3 2 340
veh118 3 4 340
veh119 3 1 340
veh120 3 1 340
veh122 3 1 340
veh123 3 3 340
veh124 3 1 340
veh128 3 0 340
veh129 3 4 340
veh130 3 2 340
veh131 3 4 340
veh133 3 0 340
veh134 3 0 340
veh138 3 3 340
veh140 3 0 340
veh149 3 4 340
veh150 3 4 340
veh151 3 4 340
veh154 3 1 340
veh155 3 1 340
veh159 3 0 340
veh165 3 0 340
veh166 3 1 340
veh168 3 3 340
veh17 3 0 340
veh172 3 0 340
veh173 3 0 340
veh176 3 1 340
veh178 3 2 340
veh182 3 4 340
veh184 3 3 340
veh187 3 1 340
veh189 3 0 340
veh19 3 2 340
veh190 3 2 340
veh191 3 0 340
veh192 3 0 340
veh197 3 0 340
veh2 3 1 340
veh202 3 3 340
veh205 3 0 340
veh206 3 4 340
veh214 3 3 340
veh215 3 0 340
veh216 3 1 340
veh217 3 1 340
veh223 3 4 340
veh224 3 1 340
veh225 3 3 340
veh227 3 1 340
veh228 3 4 340
veh23 3 3 340
veh234 3 1 340
veh236 3 1 340
veh237 3 3 340
veh238 3 0 340
veh239 3 1 340
veh241 3 1 340
veh243 3 2 340
veh245 3 2 340
veh247 3 1 340
veh248 3 4 340
veh251 3 4 340
veh257 3 2 340
veh26 3 0 340
veh27 3 2 340
veh29 3 2 340
veh30 3 0 340
veh34 3 4 340
veh35 3 0 340
veh36 3 4 340
veh37 3 2 340
veh40 3 1 340
veh45 3 4 340
veh5 3 2 340
veh50 3 4 340
veh54 3 4 340
veh57 3 2 340
veh58 3 3 340
veh61 3 2 340
veh66 3 2 340
veh68 3 3 340
veh69 3 4 340
veh7 3 2 340
veh71 3 4 340
veh73 3 0 340
veh78 3 0 340
veh79 3 4 340
veh82 3 0 340
veh83 3 4 340
veh85 3 4 340
veh87 3 2 340
veh88 3 4 340
veh89 3 1 340
veh9 3 0 340
veh90 3 1 340
veh92 3 3 340
veh94 3 0 340
veh97 3 4 340
veh98 3 2 340
